1110011111
0110011111
0110010110
0110011110
1110011111
0111010110
1111011111
0110011110
0111000010
0111001110
1110100011
0100001110
0110011010
1110011110
1010000001
0110011011
1110010110
0111010111
0110011011
0010001110
1110011011
1111010111
1110010011
1111111111
0110011111
1111011111
1111011111
0010001010
1110011110
0101010011
1110001111
1100011110
1010001010
0111011011
0110001111
0110011110
0110011111
0111011110
0110001011
0111001110
1111011111
1111011111
1111011111
0111000010
0101010010
0110001111
1110001110
1110001110
0111011111
1110011011
0110001111
1110011011
0110001110
1110001011
0111010110
0110011111
1111010110
0110001110
0101011011
0111011110
1110011011
1110001110
0111010010
1110011110
0111011110
1110011010
1110011110
0110011110
0110001111
1110000110
1101011110
0110001110
0110011110
0110011011
0101011110
1110011111
0110011111
1110011010
0111010010
1110011110
0110001110
1110011110
0110000011
1111011011
1110000110
1110001010
1111011111
0100011011
1100001010
1100001010
1110011110
1110010011
0110001011
0110011110
0111011011
1111011010
1110111111
1111011110
1111010111
1110011111
1110011111
0110001011
1110011110
0111011111
1111001110
1110011010
0110000010
0110011010
0110010011
0101001011
1110011010
1110011010
1111011010
1111011111
1111111111
0111010111
1111011111
0110011110
0110001110
1100000110
1100001010
1110011111
1110011111
1111010111
1110011111
0111010110
1111000110
1110001010
1110000110
1000011010
0110011010
1110011010
0111010011
0111011111
0111011110
1111011111
1110011010
1110011111
1110011111
0110011011
0110011110
0111010010
1111011111
0110011011
1110001111
1110011111
0010000110
1110001010
0111011111
1111011111
1110011011
1110011111
1110011111
0111000011
0110011010
0010001111
0110001111
1111011110
1101000110
1110011111
1111011010
0100000111
0101011010
0110000110
0110000110
1110001110
0111011010
1100001111
1110011111
0110000111
1110011111
0110011110
0110011110
0100011110
1111011111
1110011010
1110010111
0110011111
0110010010
0110011110
1110011011
1110001110
1110010110
0110010110
1110000010
1110011110
0110011010
0101001110
0100001010
1111001110
1111011111
0110001111
1110011111
0111111111
1100011010
0110010111
0110011110
0110000000
0110011010
1100001010
0110011111
0111010111
1111011011
1110011111
1110010010
0110011110
0110011111
0010011110
0110011110
1110011110
0111010010
1111000111
0111011111
0110001010
1110011011
1111011111
1110111111
0111011110
1110011101
1110001010
0010010010
1111011110
0111011011
0110011010
0111001010
0111000010
1110001111
0111011010
0110011111
1111011111
1111011111
0100001010
0110011011
1110011010
1111010010
1010011010
0110001011
0111011111
0111010010
0110011010
0110001010
1110011111
0010001010
0100011110
0111001010
1111111111
1110010111
0111011111
1110011110
1110011111
0110010111
0010011110
1010010110
0110011110
1111011111
0110011010
0110011110
1110011011
1110011110
0111011111
0111011010
0111001110
0110011110
1110010111
1100010110
1111010111
0111011010
1110001111
1110111110
1010001011
0111011110
1111011010
1110011110
0110001010
1110011110
1111011010
0100000110
0110010010
1101011110
1100011111
1111011110
0010011110
0110001010
0110011110
0000001110
0110000110
0110010010
0110000111
1110011111
1110001010
1111111111
0111001100
0111011110
1111010010
1110001110
0110000110
1110011110
0110001111
1100011010
1110011111
1111011111
1110011111
0110011111
0110011101
0110011110
0110010111
0010011010
0111000011
0110001111
0101011011
1110001111
0111011110
1100011111
1111011111
1111001110
1110011110
0110000010
0010001110
1110011010
0111011011
1111011010
0111000010
1110010110
0110011110
0001001010
0111001010
1110001110
1110011011
1110011011
0010011010
0110010011
0100010110
1111011111
0110010110
1111111111
1110001010
0110011111
0110000010
0111011111
0110011111
1110011110
0110010010
1110010011
0100011011
1111011011
1111011110
1111011110
1010011011
0111011010
1110011010
1111011111
0111011010
0110000010
1110011011
0111011011
1110011011
1110011111
1111010110
1110011011
1010011110
1110011110
0110011111
1110011111
0110001110
1110011011
0110010110
1110111011
1110000010
0010001010
1110011110
1010001000
0110011010
1111011111
0101000010
1111011111
1110001110
1110011110
1100011111
0110011011
1110011010
0111011010
1111011010
1110011111
0110011010
0110011111
1110001110
0111011011
1110011110
1110011110
1110011111
0110001110
0110000011
1110011111
1010011111
0110000011
0110011110
0111001010
1110011111
0101000100
0111000110
0100011011
0110011011
1111011010
0110001111
1100000010
0100001110
1111111110
1000001010
1110001110
0110000110
0111011111
1110011110
0110000010
1101011011
1111111111
1100011110
0111010110
1101010110
0111011010
0111011111
1110011110
0110011011
1110011111
1111011111
0111011110
1111010011
1110011111
1111011111
0110001111
0110011000
0110010010
1111011011
0100001011
0010010111
0110011110
0110001010
1110011010
1110001010
1110001010
1110011110
0110000111
1111001111
0110001010
1111001010
1110011111
1110011111
0110001011
1111001110
0110011011
1110011111
0110011010
0111011111
1111011010
1111011110
0110001011
0110011111
0111010110
0110010010
1111011011
0110001010
1110010111
1110011111
1110010010
0111001111
1111011011
0100111110
1110000111
1110010011
1110111111
0110011110
1100001010
0110001110
0110011111
0111010110
1111010010
1110011111
1110001110
1110001011
1110010011
0111011010
0110011100
1111010011
0110010111
1110011111
1110000110
1110011011
1000011010
0001001010
1110011110
0111010010
1110001011
1101001010
0110011111
1110011110
0110000111
0010011110
1111011110
1110001111
1111001110
1111011111
0110001111
1110010010
1110011110
0011101010
0110011011
1110011011
1111011111
1110011110
0110011110
1110011010
1111001010
0101001010
0110011110
0110001010
1111010110
0011001111
1100011010
1111010111
0110011110
1100001111
0110011011
0110011010
0010001110
0110011110
1100000000
0010011110
0110001110
0111001110
1110001000
1100011110
1110011111
0110001110
0111011110
1111011111
0100000010
1110011111
0111111110
0110000010
1110011111
0000001010
1111011110
0110010011
0111001010
1111011111
1110011110
1110001111
1111111111
0110011111
1111001010
0111011111
1110011111
0111001110
1010000010
0000001011
0100010010
1111011110
0111101010
0110011110
1111011011
0110011011
0110011110
1111011111
0110011110
0110011011
1111010110
1110011111
1110011010
0110011011
0110011111
0111001010
1110011110
1110011011
0111011011
1111001011
0110000110
1110011110
0110011010
1111011110
0110011011
1110011110
1110001010
1110011110
1111011110
0110000010
1110011111
1110011110
1110001110
1110011110
1110011111
0110001010
0110000110
0111001011
0111011111
1111001010
0111011111
0111010111
1110011111
1110011111
1110011110
1100011110
0110100110
0110001111
1110011110
0001001010
0100011010
1110010010
0111011010
0110001110
0111011111
0111011011
0110011010
1111011110
1110011011
1110001010
1111011110
0110011111
0101001000
0110001011
0110011110
0110011010
0110001111
0110011110
1111011110
0110011111
0111011010
0111001010
0110001010
0110000011
0110001011
1110011110
1110010110
1110011010
0110010011
0110011111
0110011101
1110011011
1111011110
0110001010
0110011111
1110010110
1110011011
1010000010
1110011111
0110001011
0111011111
0111001111
1111010011
0110001010
0100010111
0011011110
0111000110
1110001011
0111011010
1111010010
1110011011
1110011010
0110011111
0110001011
0110010110
1111001010
0111011111
1111010110
0110011110
0110010010
0110001110
0111000110
0101001010
1110001110
1111011111
1110010111
1110011111
0110011110
0110011010
1110010111
0110010110
0110010010
1110001010
1111011011
0110011011
1110001110
1110011110
1110011011
1111011011
0010011010
1111011110
0110011110
1111011011
1110011010
0110011111
0111001011
0110011010
1110011010
1100011110
1111011110
1111010111
0110011110
0100001000
1111010111
1111011111
0110001110
0101001110
0011001010
1111010000
1111011110
0110001110
1111111110
0100011110
1110010110
0110111111
0111011011
1110001010
1110011011
0110011110
1111001110
0111011011
1110101000
1110001110
0111011110
1111111111
0111010011
1110001110
0101000010
0010011111
1111010110
1111010110
0110011010
0110011111
1110001111
0111011011
0110011010
0111001110
0110011111
1110011110
1111111111
1110011111
0110011010
0111011110
1110001000
1111011010
0111001010
0010001110
1110011010
0111001010
0110011110
1110010011
0110011011
1110011111
1111001011
0110011111
1110011111
0110001111
1111011110
1110001110
0111011111
0110001010
1111011111
0110011110
1111101111
0110011010
1111001010
1110001000
0100011010
1111010110
1110010011
1100001111
0111001010
0110010110
0110001110
0010010011
0110010011
1110011010
1110011110
1110011111
0110011011
0110011110
0110010011
1111111111
1110011111
1111011111
1110011111
1110011010
0110011110
1110000110
1110011011
1110011011
0111111111
1110011010
0110010110
1111011111
0110011011
1110010111
0110011111
0111001110
0101001010
1110001111
1110011010
0111010010
0110011110
1110000110
1111011111
1111001110
1111011011
1110011011
0111011110
1111011111
0110001110
0110001111
0110010111
0111011111
0110011110
1001000010
1111011111
1111011110
0110011010
0111011111
1111011110
0110011011
0110011111
1111011111
0111011010
0111001111
1100011110
0110011010
1111010110
0111011110
1110011011
1111001110
0110011010
1111001110
1100011010
0110011111
0010001110
1111011110
0111011111
0110000010
0111001111
1110000111
1110001110
0110001111
0101010011
0110011111
0110001110
0110011111
0100000011
1110011111
0110001011
0100010110
1110011111
1111011111
1110011111
1110011010
0110010110
1111011110
0110001110
1111011110
1110001111
0111011010
0101011111
0110011110
1111000011
0110010010
0110001010
1111011110
0110011110
0011011010
0110011010
0010000010
1111011110
0111000010
1011010111
0001011011
1110001011
0000001010
0010011010
1110000110
0110001111
0111001110
1111011110
0110011010
0110011010
1111011111
1110011010
0110000010
1110011111
0110010010
1100011110
0100001111
1110010110
1111011010
1110011010
0110001010
1110011011
1111011011
0100001111
1110011110
0111011110
1111011011
0110001110
1010001101
1110010010
0110010111
1111011111
1110011111
0110001110
0110000110
1111011011
0110011110
1100001010
0111011010
1111011010
0110010110
0100001010
1110001010
1111010010
1110011110
0110111010
0110001110
0011011010
1110000010
1111011011
1110011110
1110010111
0111001010
1111010110
1110011010
1110011110
1110011111
1110011111
1100001110
1111011110
0111000010
1110011111
0110011110
1110011110
0111011111
1111011011
0111010111
0100011111
0111011010
0110001110
1110001110
1110011111
1100001010
1110001110
0111011011
1110011010
1110010011
1110011110
0010011110
0110001010
1111010111
0100011010
0110000010
1111011011
0110001010
1111011111
0110010010
0111011111
0111001111
1111011110
0110011011
0110011110
0110010111
1111011111
0001000110
1010011010
1110011011
0110010011
1110010110
1110011011
0110011010
0110001010
0110001010
1111011111
1110011010
1110000110
0110010010
0111001010
0100011111
0110000010
1110001110
0111011011
1110111110
1110011011
1111011011
1110011110
1110011111
1111011011
1110011011
1101001010
1100011110
0110001011
0000110110
0110011010
0010001110
0111011010
0100011111
0010011010
0110010010
0111011010
1110010111
1111010111
1111011110
1100010010
0100000010
1110011111
1110011111
0110011010
1110001010
0111011111
1110011110
1110011111
1110011011
0111011111
0110011111
0111011110
0110111011
0111010010
0110011011
1110011110
1111010010
1110011111
1111010010
0111011111
1011001010
1111001110
0110000110
1110011110
1110011111
0110001010
1111100110
1110011011
1110010010
1111010111
1110011111
0111011010
0110001010
0101001001
1110011110
0000000110
0100011110
1110001111
1111011011
1111010011
1110101110
1110011111
0111011011
1111011111
0110001011
1110011111
0110010010
1110011010
0000011111
0101000010
1110000011
1110011110
1111001111
0111011110
1111001111
1110011011
0100001010
0110011010
0110001110
1100010010
0110011011
1111011111
1110000111
0110011110
0110010110
0110011010
1111111011
0100001010
0110011010
0111011110
1111011111
1111011110
1111011111
1111010010
1110011111
0111011010
0110011111
1111011011
0110010110
0111011011
0110010010
1111110111
0010010010
1110011111
0110011110
1111001110
1110011111
0110011110
0110001010
0110011111
1110001010
1110011011
1110010111
0100011010
0110011111
0111001110
0111000110
0101011010
1100000110
0110011110
1110011011
1111111111
0111011011
0110011111
1110011111
0000001010
1111001111
1111001111
0110011110
1110011010
0110001010
1110011101
1110011111
1111010111
1110011110
1010001100
1100001011
1110000010
0110011111
1110011111
0010001010
0111001010
0111011111
1110011111
1110011110
0110011010
0110011110
0110111111
1110011111
1110011111
1110011110
0111001111
1110011111
1001011000
0110001111
0100000110
0111011010
0110010011
0110011111
1110011110
1100001110
1000011111
0110001111
0110001011
0110000011
0110011010
0110011011
0110000110
0110011011
0110010111
0110010110
1111010010
0110001010
0110001010
1110011110
0110011011
0110011010
1111010010
1100001110
0110000110
0111011111
1110011110
0110011111
1110011111
0110001111
1110011111
1110011110
1100011111
1110011110
1110011111
0110001010
1100001010
1010001110
1111011111
1100011010
1111011111
0110011010
1111011111
1110011011
1100011010
1111111111
1110001011
1100011110
1111011110
1111011111
0110011011
0110010010
1111011110
1110011010
1111010110
1110000010
0011000010
0110011110
0110000010
0111011111
0110011111
0111000011
0110011111
0100011110
1110011111
1110001111
0111000110
1110001011
1111011111
1110010111
0100001010
0111011111
0111000010
1110011011
0010001010
1110001011
1110000110
1101101110
0111011111
0110001010
0111010111
0111010110
0011001010
0010001010
0110000010
0111011111
0101001011
1100001111
0110011110
0110011010
0100001011
1111011111
1111011011
1110010110
1110111110
1110011111
1110001010
0110010011
1110001111
1010000010
1110010110
0110011011
1110011110
1110011111
1110000110
1011000110
1011011111
0111001011
1101010010
0111011110
1110010111
0101011110
0100001110
1111111111
0110011010
0110011010
0110011110
0110011111
1110011110
1110001110
1111011110
1110011011
1010011110
1110010010
1111010010
0101011101
0010011111
0110010010
1111011110
0110001011
1110011110
0110011110
1100010110
1111011110
1111011111
0100000110
0111010110
0110001110
0110000011
1110011111
1111010111
0110011110
0111000011
1110000111
0110011110
1110001110
0110001111
0110001011
1111011111
1110011011
1111011110
1110001111
0100001011
0110011010
1110011111
0111001011
0110011111
0110011010
0110011111
0111001111
1111011111
0100011011
1110001111
0110011110
0010010010
0100011010
1111011111
0110001011
1110010011
1110011111
1110011111
0101001010
1110010010
0100011110
0110011111
0110011011
0110001110
1111011111
1100001110
1110011111
1111011110
0001011010
0110011010
1110011010
0110001111
0010010110
0111010011
0111011110
1110010111
0110010011
0100001011
0100010010
0111011010
1110001010
0000000111
0100001010
1111011110
0010011011
1111011111
0100001010
0110011110
1110001110
1111001010
1110100110
0110001010
1110001010
1111011011
1110001111
1110011110
0111011010
0001010111
0111010010
1110011110
1110011010
0110001110
1110011110
0100011010
1111011110
1011011011
1111011010
1110011111
1111011110
1110011111
1110010111
1111011111
0100010011
1000001001
0110011011
0110011110
0111011110
0110011110
1110001010
1110001110
1110011011
1110011111
1110110010
1100011110
1110011000
1110011111
0110011010
1110011110
0110010010
0110010110
1111011010
1111011110
0111001010
1110011110
1110001011
0110011010
0110001000
1111011010
1111011110
1110011110
0101001011
0110011111
1110011010
1111011011
1111011110
0110011110
0110001011
0110001110
0111011111
1111011111
0110011110
1110010110
0110011010
1100001011
0110000010
0110011110
0110000111
1110001010
0010010110
0110011111
0110010010
0111010011
1110001011
0110011010
1110011111
1110011110
0110011111
1111011111
0011011110
1101001111
0110011011
1110010110
1001011001
0110001110
0100001110
1110011010
0111011111
0111001010
1110001010
0110011110
0110011100
1111111111
0110001011
1110111110
1111011111
0110000110
1110000111
0110000111
0110011111
0100011111
0011001010
1110011111
0110011010
0111011011
1110001010
1111011111
0111010110
1110011110
1111011111
1110101110
1110011011
0000001100
0110001010
0110011011
0110001110
0110011010
1111011111
0110011110
1110111111
0100001011
1110001011
0111010110
1111011111
0111010010
1110011110
0111011111
0110001111
1111110011
1111010111
0111000111
1111011010
0111011110
0000011010
1111010110
0110001010
0111010010
0110010110
0110011011
1011000010
0111000010
1110000010
1111010011
1111111111
0101000011
1111011110
1110011110
1110010111
0111011111
1111011111
0110001110
0110010010
1110011110
1110001111
0110001011
0110011011
1111011111
1101001110
1110001011
0110011011
0110011011
0111011110
1111011111
1111011111
1111001010
0111000000
0110011010
1110010110
0111010110
1110011011
1111000111
0110001110
1100000110
0110011110
0010011010
1110011011
0111010010
0001001010
0110011111
1110010110
1110011011
0110001011
0110010011
0111010110
1110011011
1111000110
1110010111
0111001010
0111011011
0110001111
0110010110
1100011111
0110011011
0110001011
1110001010
0110000110
1110001010
0110011110
0011011010
0100001111
1110011111
1110011110
0110011011
1110001010
0111011011
1111011111
1111011110
1110010111
0110001010
0110011111
1000000010
1110010111
1110011110
1111001111
1111011111
1110011010
1110011011
0111001110
1111011111
1110010011
1110011111
1110000010
1110011110
1111011110
1110001110
1110011010
0000011000
1110011111
1110011110
0111000010
0110010010
0111110110
1110001111
0110001011
1110011111
0111011010
1110001011
0110011110
1111011110
1110011111
0111011110
1111011010
1110001111
1110011110
0110011010
0111000110
0000001110
0111011010
0110011111
0110011110
1110011111
0010011010
1110111111
0111001010
0111011011
1000010010
0110010111
0111000011
0110010111
0110011111
0110011111
1111011010
0110010010
1110011111
0100010110
1111011111
1101001110
1110010010
1111011010
0110011111
0101001111
1110011110
0111001010
0111011011
0110010111
1110011110
1110001111
1111010111
1110011111
1111011111
1110011010
0110001110
0110000111
1110001011
1110001011
1110011111
0100000110
0110000110
0111011010
1111011110
1110011110
0110011110
1111011111
1100001011
0110001000
1110011111
1111011011
1110011110
0111001010
0110011011
0110000010
0111011011
1110001110
0111011110
0110010110
1111011111
1110000111
1110111111
0111011110
0110001011
1110000011
1110011110
1100000110
1110001011
1111111111
0111010010
1110011110
1111011110
0100001001
0110001011
1110011011
1100001110
0111001110
0110011111
1110001110
1110001111
1110011111
1110011011
1111011110
1111011111
1111010111
1111011111
1110101111
0110011010
0110001010
1111011110
1110011010
0111010010
1110011111
0110011110
0111000011
1100011011
0100001111
1110001010
1110011111
1110011111
1110011111
0111011110
1111111110
0110011111
0110001010
1110011010
0100001010
1111000110
0110011010
1111011111
0110001011
1110010111
1110011111
0110010010
1110001110
1111011011
1110011010
1110001111
0110001110
1110011111
0110011010
0100001110
0110011010
1111011111
0110011110
0110001011
1111011111
0100001101
1100010110
1110011111
0111011010
1111011111
0111001110
0110011010
0111000110
1110001011
1110011010
1111011110
1101001111
1110010010
0110011110
1110111111
1110001111
1110010110
0110011111
1101011110
1101011110
1110010010
1100011010
1110011111
1111010110
0010000010
0110011010
0110011111
0100001010
1110010111
0110010010
1010001010
0111010110
1111011110
0111011110
1100011010
1110011111
1110011011
1110011110
1111010010
1111011111
0110011110
1111011010
1111011111
0110011110
0100000110
0111011010
0111011011
0111011011
1110000101
0111000010
1111011111
0111011010
0110010110
0100011110
0110001111
0111011011
0110011111
0110011110
0100011010
0111011011
1110011111
0110011111
0111111110
0111011110
1000011110
1111011110
1111011111
1110001010
1111011111
1110011111
0110000010
1110001010
1111001111
0110011110
0110011110
0110001110
1111001011
1110001111
0111011110
1010011111
0110001110
1110001010
0110011111
1110011110
0010001011
1010011010
0101010110
0110000111
0110011111
0111011011
0111011010
1111011111
1111011011
0111000110
1111011010
0111010010
1110011111
0110111111
1111011011
0110011010
1100011110
1111001010
1110011110
0111001011
1110001111
0111010111
0111011010
1100010010
1111011110
0110000010
1110011011
0110011010
0110011111
1110011110
0111001110
1110011010
1110011010
1110010010
1111011111
1110000010
1110010110
0110011011
0100001010
1110001111
0111011010
0110010110
1110011010
0110011110
0110011111
1110011011
1110010110
0110010010
0111011010
1100010010
0110011010
0111001110
0100000010
1111011111
0110011010
1110011011
0011011110
1110000110
0111000110
1110011111
0110011010
0110011010
0110011111
1110011111
0111001111
1110001110
0100011111
0100000110
0100000010
0110001010
0111011010
1110010010
1111011111
0110000011
0110011010
0111000010
0110001011
1111000010
0111011011
0110000111
0110000111
0101001111
1110010111
1110011010
0110000111
1111011111
0111011011
1110011111
1110011110
1110011011
0010011110
1110001110
0100011110
0111011110
1111011111
1110010010
0101011110
1110011111
1110011011
0111001110
0111010111
0111001010
1110001111
1110011111
0110011111
1110011010
0110011110
1111011111
0110001010
1111011110
0110001110
1111011010
1111011110
0100011111
0110011111
0110011010
0111001110
1100010101
0111001110
0110001000
1111001111
0110011011
0111011011
0111011000
0011011010
1110000011
0110011111
1110010000
0110011000
0110011010
1111011111
0111011111
1110011111
0111011110
0110001111
0101010110
1110011110
0111011110
1111010111
1111010111
0110011011
0110011010
0110011010
1110001110
0100000010
1110011110
1111011011
0110011110
1110011011
0010011010
0110001110
1111010111
0111000111
0110001011
0110010010
1110011111
1110011111
1110011011
0110010111
0110011111
0111011111
0110011111
1111011111
0110011111
1100011110
1110001011
0111001111
1111010110
0010010100
0110010110
1111011111
0110001010
0010010110
0110011111
1110011111
1111011110
1100000010
0100001110
0100001010
1110011110
1100011110
1111011011
0011011010
0101001010
1110011111
0110010010
1110001011
0100011010
0110001011
0110011111
1100001111
0110011111
0110010010
0111011111
0110001110
0110010011
1110011110
1110011110
1110011110
1110011010
0101001110
0110011011
0110011110
1110000010
0110001010
0110011110
1011011110
0010011110
0110011011
1110001011
0010000010
1111011011
1110010011
0100011010
1111011010
0110011110
1111001110
1100001110
0110011111
0010001100
1111011111
0110010010
1111011111
1100011110
0111010110
1110010010
0110010111
1111011111
0110001110
0111011011
1111011111
0110011011
1110001010
1110001111
1110011110
0100011010
0110011011
0000000001
1111011111
0110010010
1110011110
0110000011
0111010011
0110001010
0110011111
1010011111
1111011110
0111111111
0110000110
0111001010
0011011010
1111010111
0110001010
0111010110
1110000111
1110011111
1110011110
1110011011
0100000011
0111011111
1100001011
0110011110
0110011111
0111001010
1111011111
1110010110
0110001010
0111001010
1111011111
0100001011
1110011111
1110011111
1110011011
0110001110
1110010011
1110011110
0110011111
0110000010
0110011010
1111011111
1100011010
1110011010
1111000011
1111011111
1100011110
0110010010
0111011111
0110010010
1110011010
1110011011
0110011110
0011010110
1110011010
0110010010
1110011011
1100011111
0110011010
1111001111
0111011011
1110011111
0101001110
0110011011
1110011111
0111011010
0110000011
0110011111
0110011011
0111011011
0110011111
1110011110
1110011111
0000001101
0111011110
0100001010
0101010011
1111000110
1111011110
1110011110
0110011010
0110011111
0110001010
0110001110
0111011111
1111011111
0110011110
0110011110
0110011010
1111011010
1110000010
0110010110
0110011110
0111001011
0111011111
1110011011
0111011110
1110011111
0110000010
1101001111
1111011111
1110001111
0110011111
1111111111
1100010110
0100010010
0101011010
0110000010
1111011111
0101000010
0110011111
1110001111
0110001110
0110001100
0110010110
0100011110
0111000010
1110001011
1111011111
1110011010
1100001110
0111011110
1111011010
1110011010
1110011011
0110011110
1110011010
0111011010
1110001010
1110011101
1110011010
1110011111
1110011110
0110011111
1110011110
0110011011
1110011111
1110011111
0111011110
1110011010
1110001110
1111001110
0110011010
0110001011
1110011111
0110011111
0111010110
1110011111
1110000010
1111011111
1111011111
1101011111
1110011011
1000011011
1110010110
1111011111
0110001111
1111011110
0010001010
1111011111
0110011111
0100011110
1001011010
1110011111
0111010111
1110010010
0110011110
0110010010
1101011111
0111010011
0111011110
0100011010
0110011110
1101011110
1110011110
0110011111
0000010101
1010011010
1111010010
1110001110
0111011110
1110010111
1111001111
0101011010
0110001011
0110011111
0110011110
0101011110
1111111111
1110011110
1110000110
0110001100
0110011010
1110010011
0111000010
0111010111
0110000111
0101001111
0111001111
1110011111
1110111111
0111000011
1110011111
1110000011
1111011111
1111011111
0100010110
0110011010
0110001010
0111000011
0110000110
1110011010
0110001010
1111011111
0111011111
0110011010
0110001111
0110000110
1110000010
0111011011
0111011011
0010001010
0110011110
1110011111
1110001110
1110010110
1110001010
0110001110
0111001010
1110001010
1111011010
1111010111
0111001100
0111010011
0100011110
1110011010
1110011111
0110011111
1111011111
0010001110
1110011111
1111011111
0000011010
0000011101
0110000011
0110001011
0111001111
1111001010
0110000010
1000000110
0111001010
1110000110
0111111111
1111011110
1110000011
1110001110
1111011011
1111011110
0110001111
0100011110
0110011110
0111010110
1111011111
0110001010
0110011111
0110001110
0110011110
0110011110
1110011101
1111111110
0110011110
0110011011
1110001011
0110011010
1110011010
1110011110
0110001011
0110010110
1111011111
0110011111
0110010110
0110001010
0010010011
0110001011
0111011010
1110011110
0110011110
0010001111
0110011111
0010010110
1110010110
0111011111
1110011011
0110011110
0110011110
0110111110
0110001111
0111001010
0110010110
1110011110
1110010111
1111010111
1110011110
1111110111
1110011110
1111011111
0110001110
1110010111
0110011110
0110011010
1111011111
0110011110
0111010011
0100000010
1111111010
0110011011
1111000011
0110011010
1110011111
1110011110
1110011110
0110011010
1111001110
0110001010
1110011010
0011011111
1111001110
1110011010
0100011010
1110011110
0111011011
1110011110
1111011111
1110011011
1111011111
1110001111
1111001011
1111001110
0110011010
1111011111
1110011011
0111000111
1111011010
0110011010
1111011111
0110011010
1110011110
0110010110
0110011110
0000011110
0110011110
1110001011
0110001111
1111011111
0100011010
1101001110
0110011011
0100001010
1110001111
0111011011
1110011111
0110011111
1110001111
0111011110
1110011111
1110001111
0110000110
0110011110
1111001111
0111011110
0111000110
0110011110
1110011010
0100000110
1100011010
1110011111
0110010010
1111011011
0111011110
0110001111
0110011111
0110011111
0110001110
1111001011
0110011010
1110001011
0111011111
1110011111
1111001010
1110011111
1110011110
1110011110
1111011011
1111011110
1110101111
1110011111
0010000110
0111011010
1010011010
0110010010
1110011111
0010001010
0110011111
1111110111
0111001110
1110000010
0111011111
1111111111
0111001010
1110010010
1110010010
0011011110
0010001110
0100011110
0101011010
0110011011
0010011010
1111000011
1110011111
0111011110
1111011111
1111010011
1110011010
1111011111
1110010111
1110011010
0110011110
0110011111
1100001110
1110111110
1110011110
1111011110
0111001011
1111011010
0110011110
0110011011
0110010010
0110010110
1100011110
1110011011
1110011110
0110011111
1100001111
1110011111
0011011110
1100011010
1110011010
0110001111
0110010110
1110011111
0110000010
1110010010
1110011011
0111001010
0110001010
1111011111
1111011111
0110011111
0110000010
0110001111
0111011110
0110001111
1110001010
0111001010
0110001110
0110011010
0110011010
0110001010
0110010010
0101011111
1111001110
0100000010
0110011011
0001000110
1111111111
1111011110
0110011010
0110010110
0110011110
1111011111
1110011111
1010010110
0110011110
1110010111
1110000110
1110011010
1111011110
0110010111
0110011110
1111011111
0111011110
0100011111
0100010010
1110001110
1111011111
0111011010
0110011011
1111010010
0110001111
1100011011
1110001010
0111010110
0110011011
1111010011
1111011110
1110000111
0110011110
0110011111
0110011011
1110001111
0111000111
0110011111
0111011110
1100001100
1111011111
0110010111
0110011010
0011010010
0110011110
1110011011
1110011111
1110011111
0100011110
1110011111
1110011011
1110111011
0110010111
1110011011
1110011010
0110011010
1110011110
1110001110
0110011110
1111011010
0110011011
1110001111
0110011010
1110010111
1110011110
1110011111
1110011110
0111010110
1110011110
0110001011
1111011010
0110010011
0110010011
1110011111
1111000011
0110010010
0110000011
0001001110
1110011111
0111011111
0110011111
1111010010
0110001111
0110000010
1110001110
0110011010
1111011011
1111011111
0110011110
1110010110
1110011110
1110001111
1110001110
1110011111
0110010111
1111001111
1111011111
1111011111
0111000110
1111011110
1110011010
0110011010
1111001110
0110011011
0110001010
0110010111
0110011100
1111000010
1111011110
1010000000
0110011010
0110001110
0110010010
0110011010
0110011111
0110011010
1111011111
1110011111
0001011110
1110011110
0110011010
0000000110
0110011110
0110001110
1100000010
0110001110
1110011101
1110001011
1110111011
1111010110
1100011110
1110001111
0110011010
1110010010
0110011011
0010001011
0011011110
1110011110
0110011110
0110011111
0110000111
1111001111
1111010110
1111010110
1111010011
1111011111
0111000111
0110011110
1110010111
0111001111
1111011011
0111011110
0110001111
1110011011
0111000110
1110001111
0111011010
1110001110
1111011110
1110011111
1110011111
1111011111
1111011111
1111011110
1010011110
0111001110
0110011110
1111011111
1100000010
1010000001
1111011111
1111011111
0010010110
1101001110
1110011010
0110011011
0110010110
0110011011
1110001110
1010011010
1110001110
1110001011
1110010011
0101001010
0100001110
0110011011
1111011010
1110011010
1110001110
0111001110
1111011110
0111011011
1111011111
0100001110
0110001010
0110011010
0110011111
1110011011
0011001000
1110010111
1111001110
1110011111
1111001010
0110011110
0111000110
0011011111
0111001110
1110001011
1111010011
0111011110
1110011011
0110010010
0111011110
1110011110
1100011111
1110010010
0110011110
0111011011
1110001111
0111011011
0110010111
1110010110
1110011111
0110011111
1000011010
1110011011
0010010110
0111011011
0101011001
1110001011
1110010111
0110010101
1110011111
0100001010
1110011010
0110010010
1110010010
1111011110
1110010110
1110001110
0110000011
1100000010
1111011111
0101011010
0111011110
1110001110
1110011110
1111011111
1110011111
0110011110
0111011110
1110011110
0110011111
0111011111
1111011110
0110011111
1100011110
1110010011
1111011111
0111011110
1110011111
0110000011
0110010110
0110010110
0110011010
0110011111
1110001010
1100011111
1110011110
1110001111
1110001011
1100011110
1100011111
0110001010
0011001010
1110001110
1110011010
0100011110
1110011110
1110011110
1111001111
1111011111
1111011011
1110011010
0110010110
1110011010
1110011110
1111011111
0110000111
0110010010
1110001010
0111010010
1111011111
0000000111
1110011110
1000001010
1110011110
1111011011
0110011111
0110011110
1111000010
1111011110
1110010111
0100010111
0110001010
1110011111
0010001100
0111011110
1110001010
1111011111
0110001010
1111011110
1111011111
0111011111
0110010010
0011011010
0110011010
0011001010
1111011011
1110111111
1111011010
0110001011
1111011111
0110010010
1110000111
1100001110
1110001010
1111111110
1110010111
1111011111
0110010010
1111011111
0110011111
1110000110
0111010110
1111011111
1110001111
0010000000
1110001011
1010001010
1110001010
0111011111
0110011010
1110010010
1111011011
0111011010
0110001110
1111010111
0110001110
0110011011
0100001111
0110001010
0110010010
0110011011
0111011010
1110111111
0111011110
1110011111
0110011010
0111010110
0110011011
0010011100
1110010111
0111001110
1110011111
0111010010
1111011110
1110011111
0111001010
0100011111
0010001011
1110011111
0111001010
0110011110
0100011011
0110001001
0110001111
0110011010
0110010110
0010001011
1110000011
1110011110
0110001111
1110011111
0111001000
1111001110
0110011010
0111011111
1110011111
0110011110
0110010111
0111011011
0110011010
0111011010
1110001010
1110011110
0110001111
1110011011
1111001010
0110010111
1111010011
1110011011
0110001010
1110001110
1110011110
1111111111
1110011111
0110001110
0111010111
1110011010
0110011110
0110011010
1110011011
1111010011
0111001111
0111011010
0110011111
0110011111
0110001110
0110011011
0111000001
1111011111
1110011111
0110011011
0010011110
1111001110
0110111111
1111011111
0110010011
1110011010
1111010110
0000011011
1111011011
1110001010
1111011011
1111001101
0111011110
0110011111
1110000010
1111011010
1111011110
0110001110
0110000111
0110001010
0111011011
1110000010
0011011110
0010000110
1110111110
1101000110
0111011111
1110011110
0110001010
0110010110
1110011111
0110001110
1110011011
0110011110
1111011110
0111011111
1111001110
0110011110
1110011111
1111011111
0110011111
1110011110
0110011110
0100001111
0110010111
0110001110
1111000110
1111011010
0111011010
0110001010
1110011111
1110010110
0100001110
1110011111
0110001111
1110011110
1111011010
1111011111
1111011111
1110001110
0110011111
0100011110
0110000110
1111011111
1110010011
1111011110
1111001010
0110011010
0110011010
1100011110
1111011111
1110001110
1110010010
0100001010
0110011110
0110001010
1110011110
0110011011
1111001010
1100011110
0110011010
0110011010
1110010111
1111011111
0111011111
0110011010
1111011110
1110011011
1110011111
1100011011
1111011110
1111001010
1110011111
1110011111
0011011010
0110011011
1110011110
1110001010
0110010110
0111011110
0111011000
1110001111
1110000110
0110001110
1111111111
1110011110
0010011110
1111011010
1111000111
0111011010
1110011111
0111011110
0110000111
0110011111
1111011111
1110010110
1110011111
0111011011
0110011011
1011001110
1110011111
1111011011
0111010011
1110001010
0110011111
1110010110
0110011111
0110001110
0111011111
0101000110
1110011010
1110011000
1110011110
1111000010
0110011110
1110011110
1110001110
1111001010
1110011110
1110001010
0110000011
1110011111
0110001010
0001001010
0110011111
1110011111
1111011111
1111010111
1111011110
1111011111
1110011011
0101001010
1111000110
1110001010
1110011111
1111001111
0011001110
1110011010
0110011111
1111011110
0110011011
0110011110
1110011111
0110000110
0110010011
1111011111
0111011101
1110011110
1110011011
0110111110
1111011111
1110000010
1110001011
0110011111
1110011111
0111011011
1110111111
0000000010
0111011010
1100011010
0110011010
1110011111
0110011010
0110011010
0100001110
1111011111
0111011011
1101001110
1110011111
1111011111
1110011010
0110010111
0110011010
0110011111
1110011111
1110011011
0110011110
0111000010
1110111111
0100011110
0110001111
1111011011
0111000111
1110011010
0110011110
1011000100
1110011110
1111010110
0110011111
1110011110
1110001010
0111011110
1110010110
1110011111
0111001110
1111011110
0110011010
1111000110
0110010110
1111001010
1110001111
1110011111
0100000111
0110000111
0110001110
0000001110
1111011111
0111011010
0100010010
1110011111
1100001010
0110011110
0111011110
1110010110
0110011111
0110011010
1110001110
0110011110
0000001010
0110111110
1000000000
0110001110
0111011010
1110111110
0110011111
0110010110
0110011110
1110011111
0110110110
0110000010
0110010011
0111011011
1111011111
0111011110
1101001110
0111011010
0111001010
0110001010
1111000111
0110001110
1110001010
1110001011
0110011111
1111011110
1110010111
0110000010
0110001010
0111001110
0100011110
1110011111
0111111111
1110011110
0110011011
1110011011
0110001011
0101011001
0110010010
0110011011
0111001010
0110010110
1110001011
1011001010
1110000110
1110010010
0111000010
0110000111
0110011110
0110011010
0110011110
0110011110
0110011110
1110001011
0111011011
1110111110
0110010110
0110000110
1111011111
0111001111
0110000010
1110011111
0000001010
0110011011
0110000111
0010011010
0010001110
0110010110
0100011011
0111011011
0101010111
1111011111
1110000011
1110011110
0101011111
0110001010
1110011010
0100001010
1110001010
1110011110
1111011011
0100001111
1111011011
0010011010
0111001110
1110011111
1110011011
1100011011
1110011111
1110010110
1111011010
0100011111
1110001111
1110011011
0010011011
0110011110
1110010010
1110011110
1110011111
1110011110
0111011110
1110010111
1110011011
1110011010
1111011110
0110011010
1100000010
0110011111
0111011010
1010011110
0111000110
0011000000
0110011110
1111011111
1111010110
1110011111
0100010110
1110011111
1111011011
0110011110
0111011110
0111011010
0111001100
1110001011
0010011110
1111011100
0111001010
0110011110
1111011110
1100010110
0011011010
1111011110
0110001011
0110011111
0111001010
0110011011
0111001010
1111011111
0111011110
0110001110
1110011011
1101001110
0100001010
0111011110
0110010111
1010011110
0110010110
0111001010
1111011011
0110001011
1100010011
1110011010
0110000011
0110001010
1111001110
0010000110
1111011111
0111010011
1111011010
0110000110
1110010110
1110011010
0100011011
1110011010
1111011110
1110011111
0110011111
1101011011
0110000110
1111011110
0110011010
0110001110
1110011010
1110011011
0110000010
1110011111
0110011110
0111011111
1110001111
1110011011
0001000010
0101011110
0110011010
0110011010
1110011110
1110010111
1110011111
0110011011
1110011110
1111011111
1111001111
0111011011
1110011011
1111010110
0111011110
0111000111
1111011011
1110011011
1111011010
0110001010
0110010011
0110011110
1110111111
0110000010
0111000010
1110011110
0100000101
0110001011
0110000111
0100000010
1110011010
1101011011
0010011010
1111001111
0111011110
1111110011
0111001111
0110011111
0110001010
1110011011
0110011111
1111010011
1111011111
0110001010
0110011110
0110001110
1110011011
0110001110
1111011010
1110010111
1111011111
1111111111
1100011111
0111011011
1110011111
1110011110
0110011110
0111011011
1111011110
1111001111
1110000000
1111011111
0110001010
0111011111
1111011111
0100001011
1110011000
1111011111
1110011111
0110010010
0110011011
0111010111
1110010010
0110000011
1111011111
0111011011
0110011110
1110011111
1111111111
0110001110
1111011111
0110001011
1100011010
0110000011
0111001010
0111011111
0111001011
1110011010
1110011111
1111011111
0100001110
1110011011
1110011011
1110011111
1001010110
0011001110
0110011111
1110011010
1110011010
1110011111
1111011111
1110011110
1110011010
1111011010
0110001010
0110010010
1110011110
1110001110
1110001110
0110011110
1110011111
1111011010
1110010110
0010001010
1111011111
1110001010
0111010010
1111011111
0011011110
1110011111
1110011111
0110011110
1110010011
0111011010
0110001010
1110001110
1110001110
1110001010
1111010010
1101011011
0111011010
0111011011
0110010011
1101001011
0011010110
1111011110
1110011110
0100011010
1111011011
1100010010
0110001010
0111010110
1111011111
1110011111
1111011111
1111011011
0111011011
0110001110
1110010111
1110000011
1110011111
1110001110
0011011011
0110011110
0110011111
0110011110
1100001110
0011011110
0011010000
0110011010
1110011111
1110011111
0110001010
0111011010
0111001110
1111110111
0110011010
0101011011
0111011111
1011000011
1110000110
1110011111
0111010010
1110011110
0110011111
1111011111
0110011110
1111111111
1100000010
0110001010
1111011111
0100010110
0110001010
1110011011
1111011010
1111010010
0110001010
1111011110
0100011010
0100001110
0111011111
0110000110
0110011111
1111011110
1111001010
1110001010
1110001010
1111001011
1110011011
1110011110
1110011010
1110011110
1110001011
0110011010
0110010111
1110111111
0000001000
0110011111
0111011011
1110001010
0110000010
0111011111
1110010111
0110001010
1110000010
0100011110
1111001111
1110011010
0011001000
1110001011
1111010110
0110001110
1110000110
0111000010
1110011111
0110011010
0111011111
0110011010
0110011010
0100011011
1111011011
1111111111
1111011111
0111001100
0111011110
1110010111
1110010111
0110011010
1111011110
1110011111
1110011111
0111001110
0111011010
1111010110
0110001011
0111110011
0111001011
1110011111
1111011011
0011001010
0110011110
0101011010
1111011011
0010000011
0100001111
0110000110
0110011111
1110001110
0111000010
0111001010
1110011111
0110001010
1110011110
1110010010
0111001110
1110011110
0110011010
1110101010
0111011111
1111010011
0111011110
1110011111
1110011010
0110000010
1110011111
0110011010
0111011111
0110010010
0110011010
0110011011
1110011011
1110001110
1111011111
0000000010
1111001011
0111011011
1111011010
1110011011
1110011110
1110011110
0111001011
0110011000
0111001011
1110011111
1111011110
0100001011
1100011010
1111011011
0110011110
1110011110
0111001010
0110011111
1111001111
0111011111
1100010111
1110010010
1010000011
1111010011
0110011011
1110001110
1110001010
1111011010
0110010010
0111011011
1110001010
1100001011
0111011111
1110011110
0110011111
0111000010
1110011011
0111011011
0110011011
1110011010
1111011011
0111010111
1110001111
1110010110
0110001111
0111011110
0110011010
1110011111
1100011010
1111011010
0111011111
0100011110
1110011111
1111011111
0110010010
1111011011
1110011111
0100011010
0111011110
0010001111
1111011111
1111011010
1111010011
1110011110
1111011111
1111011110
0001011110
0111001111
1111011110
0100001110
1010011111
0001001010
1110001111
1111011110
1111010111
1110011110
1110011111
0110011110
1000000010
1100001011
1110011011
1110111111
0111011111
0101001011
0110011010
1111011111
0110001110
1110000110
0000010010
0100001010
0110011111
1110001011
0100011010
1110010010
1110011111
0110011010
0110011010
0110011110
1010011010
0110011011
0100011010
1100010111
1111011111
0110011111
0111011010
0110011010
0110011110
1110011111
1110010111
0011011110
0111011111
1111001010
1110011010
0110001010
1110001110
0110011110
1111011111
1110010111
0110011111
0111011010
0100011011
1101000110
1110001011
0110001010
1100000010
0110000011
0100000000
0110011010
1110001010
0111110010
1110011110
0110011010
1110011110
1111011110
0110011110
1111011011
1110001011
0110010010
0110001111
1111011111
0110010011
0100011110
0110000010
1111011111
0110001111
0110001010
1001001111
0111011011
0110001010
1010000000
1000001010
1111011111
1110011011
0010011110
0110010111
0111011010
0010011110
1110011110
0110011111
1110011111
1111011010
1111011011
0010000010
1110011111
0110011010
0110000111
0101011111
1000001010
0110011110
1110011010
0111010110
0110011110
1110011110
0111011110
1110001110
0010011010
1110011011
0110011110
1110010010
1111011110
1111011110
0110011011
1111111111
1110011110
1010001110
1101011110
0110010010
1110010111
1110001111
1111001101
1111011111
1101011111
0100001010
0100011011
1110011111
1110010110
1110001110
0110010110
1100011011
0110011110
0110010111
1111011010
1110011110
1110011111
0110001110
1110011010
0100011011
0110010010
1111011011
0110011011
1110001010
1110011011
0110011010
1111011011
0111011110
1110011010
1111011110
1111001011
1110011111
1111011110
0110011010
0110111111
1111001111
0111011010
0100001010
1110011010
0110011011
0111011110
0110001111
1110000110
1111011011
1110011010
1110011111
0111000110
1110001010
0110011010
0100000011
0111011111
1100011011
0110001011
0111001110
1111011111
1100001000
1110011110
0110011110
0010011110
1110011111
0110011010
0110011110
1000000110
1110001011
0111011011
0110011111
1111011110
1111011110
1111010111
1111011111
1110011011
1110011110
0110000011
0110011010
1111011111
0110011110
1110010111
1110011111
0111011110
1111011010
0000000010
1110011011
0111011111
0110001010
1110011110
0111001011
0110011110
1110001010
1110011111
1110010110
1110011111
0110001110
0100001010
0110011110
1110011111
0110011110
1110001111
0111011111
0110011111
1111011010
0110011010
1111011111
0110010111
0110011011
1111011011
0110001010
1100011111
1110011010
1110010011
1110011111
0110010111
1111011110
1111011110
1110011110
1110111111
0110011111
1100011010
0110011011
0000001110
1110011010
1110011110
0110011111
1110011111
1111001010
0111011010
0111001111
0111001010
1111011110
0010011110
1000001010
1111011111
0110011010
1111011111
0111010010
0100011110
0110011011
1110011110
1110011111
1110010010
0100011010
1110011010
1110001011
0111011110
1110000011
1100011110
0110011110
1110001111
1111010111
1111011011
0111011010
0100011111
1110000111
1110011010
1100000011
1110011110
0110001010
0000010011
1111010011
1110011010
0111010111
0110011011
0111011110
1110011111
0110000010
0111001110
0111010111
0100001100
1110101111
1111011111
1111001010
1110000011
1100001010
1111010111
0110011010
0111011111
0110010011
0100011110
0111000010
1111000111
1110011111
1111011110
0110011010
1110000110
1111010010
1110011111
0111010010
0111011111
1110010010
0110011111
1110011110
0010001110
1111011111
1100011110
0111001010
1110010011
1110001010
0100011010
0100001010
0110010011
1110011111
1111011010
0111001010
0111001110
0100001111
1110001011
1111011110
1111011111
0110001110
1111011110
0010001010
1111011110
1100001111
0110000110
1110000011
0110011111
1111010011
0111011010
0010011110
0111001011
0110011111
1110010011
0111011110
0110000010
1110011111
0110010111
0111011110
0110011111
1110011110
0110011111
1110011011
0101001110
1110001111
1110001110
1110011011
0111000010
1011011010
0110011111
0110011010
1111011111
1110011011
0100011010
1111011011
1110011111
0110000111
0010001010
1111011001
0110001111
1110011111
0100001010
1111011111
0111001110
1111011010
1110010011
1111011111
0111011111
0110011111
1110011111
1111011011
0110011110
1010001010
0110011000
0110010010
0110001011
1110011110
0110011010
0101001011
0111011110
1110011111
0100011010
1111010010
0110011111
0101011010
0110010110
0110011010
1111011111
1110011110
1110011011
0111011111
1110010111
0111011011
1110011111
0110001000
0100010110
0110011010
1111001011
0111001110
1111011111
1110010111
1100000010
0110001010
0110011111
1111001111
1111011111
0110011010
1110011111
1110000110
0110001010
1100001110
1110011111
1110010110
1110010011
1110011010
0110011011
0110000010
1100011110
1100011111
1110010110
1111011110
0111010111
1111011010
1111111110
1111010111
1110010011
0111001010
0010001110
1111000010
1110011011
0110011111
1111011110
1110011111
0110011111
1110001110
0110010010
1110001010
1110011011
1111011010
1110011111
1110011111
1100001110
0110011111
0110011111
0111011010
0110001111
1110011110
1110010010
0110001110
1110010111
0110011010
1111001110
0111011111
1111011111
1111011110
1110011111
0111010110
0110001010
1110011111
0111010010
1110011111
1110011110
1111010110
1111111111
1111011011
0110011011
1110001111
1110010110
1110011110
0110010110
1111011111
1110011011
0110011110
1110011111
1110010111
0101011010
1111011111
1111011011
1110010111
0110000111
1110011111
0011011111
0110011110
1110011110
0110011110
0110011011
0110011111
0110011111
0110011011
0110010111
0110010011
1110010110
1111011111
1110001010
0110000010
1111011010
0010011010
1111011111
0110000110
1110011111
0110011111
1110111111
1110011011
1111011111
1110001010
0110011111
1110011110
0110011010
0011000010
1110001010
0111001011
0000001010
1110001100
0011001010
1110000010
1111011111
0110011110
0111000011
0010010011
1110001111
0000000101
1110011111
1110010111
1110011110
1111011111
0111011011
0111000010
0100011011
0111011011
0110011110
1111011111
1110001011
0110011111
1110001010
1110001110
1110011110
1110111111
0110011011
1110001110
0100000011
0110010110
1110001110
1111011111
0111001110
1111011010
0110000111
0110011010
0111010110
0110010110
1110011010
0110011010
0110011111
1110011110
1110001010
1110011111
0101001010
0110010010
0111000011
1110011110
0111001010
0111010010
0110001011
1110000111
1111011111
0110001010
0110001001
0010011010
0110010010
0010001110
0111010111
0110011010
1111011010
0111011011
0111011110
1100011111
0110011111
1110001111
0110010011
0110011111
1110001110
1111010011
0101010010
1110011111
0110001110
0110001110
1110011110
0110011110
1111111111
0110011111
0100001110
0011001110
0010011011
1110011010
0111010110
0111011011
0110001011
1111011111
0111000010
1110001111
0111001011
1110011111
1111010011
1110011110
1110010010
0100000110
0100001010
0111011111
1100011010
0110011110
1110011111
0111011010
1111011111
0110001011
1111011010
0101001010
0111011111
0110101111
1100011111
1011000111
1110011011
1110010011
0111011110
0111001011
1110111111
1110011110
0110111111
0111001110
1110010011
0100011110
1111011111
1110111111
1110011010
1110001010
1111010011
0110001011
0110010110
1111011110
1110011110
0111011110
1111011111
0111011110
0110011010
1111000110
0110011010
0110010010
0110011011
1110011110
0111010010
1110011111
0000001110
0110011010
1110011011
1110011011
1110011011
0111001110
1011010111
1110010010
0110000011
0100011110
1110010111
0110010010
0111010010
0110011011
0110011110
0110011011
1110011011
1110011110
0110010110
0110011010
1111011011
0110011011
1110010010
1110011110
0110001011
1111001110
0110011110
1110001011
0110001110
1110011010
0110011110
1111011011
1110011110
0110010010
1010011011
0110011110
0110001010
1111010010
1110011010
1110010111
1110011111
1111001010
1110011110
1110011110
1110011110
0110001011
0110011111
0110001010
0111011111
0000001110
0110000111
0110010011
0110011110
1111011110
0110000010
1100011111
0111001111
0100011010
1111011111
1110011110
0101000110
0110011110
1110011010
0110001110
0111010110
0110011110
0110011110
1100011011
0110010010
1110001111
1110011110
1110011111
0111011010
0110010111
0110011110
1110010111
0110000110
1110011111
0010011011
1110011111
0110011011
0110011110
1111011111
0100001110
1111011111
1110011010
1110011111
0111011111
1111011011
1110011010
0100010111
0110010111
0110011110
1111011111
1111011011
0110001011
0110011110
1110011011
0110011111
1110011111
0000011110
1110011010
1111001011
0110001010
1010001011
0111011011
0111000010
1111011110
0111011010
1111011011
1111011010
0110011011
1000001011
0111011111
0110010110
0110011110
1110010110
1111011111
1110011111
1110011011
0110001110
1110010011
0100000001
0110010011
0110000001
1110011111
0110001011
0110111111
0111001010
0111001110
1110011110
0110000010
0110011010
0110001010
1111001111
0110010011
0110001010
1111011110
1110011111
1110011111
0110010111
1110011011
1111001010
1111111111
0111011110
1110011111
1110000011
1111010111
0110011111
1110011111
1110010111
1110011110
0100011111
1110011010
1110011011
1110011010
0110001011
1110010110
0110011010
0110011011
0111011111
0110010010
1110001110
0010011011
0110011111
1100000010
1111011010
0110001110
1111001110
0110011110
1111011111
0110001011
0000001110
0111011111
1111011110
0111001010
0110011010
1110011110
1111011111
0111011110
1110011110
0100011110
0110001110
0110011110
0110010010
0011000000
1110011111
1110011110
1111011111
1110001111
0110011110
1110011110
1111110111
1110011011
1101011110
1110010011
1111000110
0110011110
1110011110
1111011111
0110011010
0101000010
0110011010
0111011110
0101011010
0110000010
1110010111
1110001010
0100011011
0110011010
0110011010
0110001010
1111011110
1010001010
1110001110
0110010111
0110001010
1111010111
0111001010
1111011010
1110001010
0100000010
0111001111
0110010010
0110011111
1110011011
1111011111
0100011010
1110111111
0110011010
1110000110
0111011010
0110001110
0110011111
1111011111
1110011011
0110011010
1111011111
1110011111
1011000011
1110011111
0111011110
1110010110
0110001010
1111011111
0111011011
0111011011
1111011011
0110011010
0010010011
0110010011
1110111111
1111011111
1111010111
0001010010
1110011110
0110000010
0110010111
1111001111
0110011011
0110011011
0000010110
1110011111
0110000010
0001011110
1100000000
1110011111
1111011110
1111000010
0110011111
0110011111
0110011110
0111001011
1111011110
1110001110
1111011011
1110011110
0110011111
0100011010
1110011111
0110001111
1111011111
1110011110
1110011111
1110011111
1010001010
0100011111
0110010010
1110011110
1110011110
0110010111
0110001110
1110011010
1111011110
0110010110
0110011010
0111011111
0111011111
0110011110
0110001110
0110010110
0001000011
0110011110
1111011111
0110011110
0100010010
0111010110
1111001111
1111011111
0101001011
0100011110
1110010010
1110011011
0110011010
1100010110
0110001011
0110011011
1111001111
1110001111
1010000001
0011011111
1110011100
1101011111
0110001010
0111000011
0110001010
0110010001
1111001111
1111001110
0111011110
0110010011
1100010010
1111011111
1111010111
0010001110
0110011110
0010000000
1110111110
0110001011
1110011110
0110011011
0110001000
0110011110
1111011111
0110011010
0111011011
1110011011
0110001011
1110011011
0110001011
1110111110
1100011111
1110011110
0110001010
0111011111
1111011110
0110001010
0110010010
0110001010
0111010110
1110010111
0110000010
0111011111
0111011110
1110001110
0110010110
0111001011
1111011111
1010011010
1010001000
1110001111
0000001000
0111111011
1110000111
1110011011
0110010110
1110011111
0110011110
1110001111
0110001111
0111010010
1110010011
0110011110
0110001010
0110011110
0110011110
0111011110
1110011011
0110001111
0111011110
1110000110
1111001010
1110000111
0010011010
1110011110
0110001011
1110001111
1110011111
0100011011
1110010110
0110111011
1100011011
1111000110
0111011111
1110010110
1110011010
0111001010
1110011110
0110011011
1110001110
1110011111
0100001010
1111001010
0110011010
0110011111
1110011011
0111001011
1110011010
1111001010
1110011111
1110011110
1111011110
0010011110
0110001010
0101001010
1110000011
0110000011
1110110110
1110000010
1111010110
0110011110
0111011111
1110011111
1110010111
0010011111
1110011110
1110001111
1111011010
0110011010
1110111111
0110011011
0111000110
0110001010
1110011110
1111011111
1110001010
0110011011
1111111011
1111011111
1110011111
0110011011
1110011111
0110011110
1110011111
0110011011
1111001011
0110001010
0100001011
0110001110
1110011111
1000001110
1111010111
0110000010
0111011011
1110001111
1111011110
1111000010
0110011010
0110011010
0110010110
0111001110
0110011011
0100011110
0110011010
0100001010
1111011111
0100000011
1111000110
1110001010
0110001110
1111011111
0110011010
0110001110
1111011111
1110001110
1110011110
0101011110
1110011111
1110011110
1110011011
0110000010
1101001110
1111011010
0110011110
1111010111
0110011110
1110001110
0110000011
0111011111
0100001110
0111011010
0110010110
1110011111
1111011110
0111011110
0100011010
0110011111
1110011111
1010011100
1110011010
0101011010
0111000010
1110011111
0110010110
0110011110
0110011111
0000000010
1110011110
1111010111
1111011111
0110011011
1100011010
1110011111
1110001110
0110011110
0110011111
1010000001
1110011110
1111011111
1111111111
0110001111
0111011111
1111011110
0110011011
0110010010
0111000110
1111011010
0100001011
0101000110
1110010111
1100011110
1111011111
1111001111
0110011010
1101001011
0110001110
1110011010
0110011111
1110010110
1111011111
1111011111
0110011110
1111011110
1110010111
1111111010
0110011010
0110011010
1110011110
0110001111
1111011011
0110011110
0110000011
0100001010
0111011110
0110001110
1111011111
0110001010
0101001011
0110011110
1111011111
0111010010
1110011011
1111011111
1111011111
0110011111
0110011110
1110011111
0111001011
1111001111
1111010111
0110010111
1111011110
0110011111
1101011010
0110011110
1010001111
0110001010
0110000010
1110001011
0111010110
1110011111
0111011111
0110001110
0110010010
0101011011
0111000010
0110011010
1110011111
0110011011
1110011110
0110011011
0010001110
0101011111
0110011111
0110000010
0111011011
0101011111
0110010110
0110011011
0110001011
1110011010
1110001110
0110010110
1111011111
1110001110
1111011111
0111001110
0110010110
1110011111
1110010010
0110101111
1110011110
1111011010
1111011111
0100001010
1110011101
1110011011
0101010111
1110011110
1110000110
1111111110
1111010110
0010011010
0110001010
1110011111
1111001111
1110010111
1111011110
0111010010
0110011010
0110010111
